amplitude_exp amplitude_sim mean_exp mean_sim sigma_exp sigma_sim
55.0484 88.3072 61.3508 61.4945 0.601448 0.399401
52.5654 86.1895 61.3074 61.5068 0.719098 0.399096
47.4849 81.3867 61.2703 61.5013 0.692404 0.42314
54.3031 85.5453 61.2353 61.5267 0.623181 0.462175
80.9752 75.6716 61.1028 61.511 0.970462 0.408878
69.2477 78.6438 61.2779 61.513 0.666319 0.394274
82.8585 84.8248 61.399 61.495 0.594217 0.454334
91.4558 82.583 61.4126 61.5023 0.499467 0.471648
87.5646 89.1003 61.3775 61.4892 0.511046 0.4112
85.4217 81.2176 61.4201 61.504 0.539803 0.40166
68.6168 85.9477 61.502 61.5233 0.521589 0.418681
84.2844 79.8275 61.4811 61.4874 0.500568 0.470669
94.8431 81.567 61.5195 61.5114 0.513227 0.424139
100.002 86.7635 61.4679 61.4852 0.535672 0.455588
100.767 84.7329 61.4521 61.5053 0.515498 0.438657
99.1164 88.3326 61.4196 61.4989 0.56623 0.45997
94.4805 85.9079 61.3434 61.4942 0.620263 0.420225
96.2233 79.66 61.3834 61.4901 0.611385 0.41286
91.1768 81.6214 61.4248 61.4991 0.513956 0.443077
97.5425 86.5351 61.3924 61.4949 0.54684 0.42672
74.7631 83.8583 61.346 61.5168 0.537971 0.450201
65.9408 86.0568 61.3067 61.5193 0.543606 0.478839
98.7606 86.7069 61.2233 61.527 0.781912 0.451618
108.165 81.7379 61.0888 61.4884 0.985469 0.471169
99.1027 76.2264 60.8553 61.4848 0.851137 0.494905
99.4729 85.1429 61.1531 61.5027 0.6769 0.393888
99.0934 80.7693 60.9828 61.4885 0.81737 0.403559
83.7966 84.1889 60.9025 61.5082 0.774231 0.456548
78.4792 86.4556 61.1123 61.5047 0.822819 0.421626
88.9301 88.2351 61.2074 61.5002 0.741366 0.463806
76.9944 84.8557 61.2418 61.4807 0.627994 0.453836
76.1898 83.1711 61.1769 61.4544 0.728491 0.52788
89.5247 81.2198 61.273 61.516 0.600324 0.416891
94.9098 86.1918 61.2493 61.4979 0.621702 0.430406
85.3432 87.8028 61.1966 61.5132 0.715013 0.448823
81.3758 84.2258 61.2576 61.4501 0.658063 0.555561
95.0212 87.253 61.2125 61.4962 0.68009 0.446187
103.748 92.0076 61.2316 61.5092 0.821005 0.429388
96.4212 84.1712 61.297 61.5006 0.737665 0.493117
100.685 87.1379 61.1376 61.4493 0.919106 0.506797
95.3718 90.5521 61.1286 61.482 0.800306 0.450051
84.7704 87.56 61.1423 61.5053 0.72344 0.411914
84.5011 80.1238 61.0255 61.4926 0.715486 0.44981
82.8211 84.4451 61.0044 61.4984 0.702548 0.401452
75.0171 82.3976 61.07 61.4902 0.671449 0.42624
93.551 78.9209 61.1948 61.5376 0.634128 0.441353
89.5204 80.8982 61.2723 61.4786 0.58234 0.52563
100.232 87.1614 61.2629 61.5229 0.667356 0.385608
101.441 89.2332 61.0079 61.5036 0.996315 0.410582
85.7967 87.3002 61.0253 61.5081 0.896852 0.454548
65.1445 61.4345 78.7065 78.9453 0.570286 0.44218
65.8133 65.9698 78.6222 78.9131 0.450402 0.462363
65.3662 60.3619 78.7436 78.9317 0.645243 0.458344
62.2329 63.8774 78.7508 78.9304 0.576265 0.449748
61.0352 65.0525 78.6931 78.9045 0.558661 0.450449
59.7401 69.8956 78.8209 78.9014 0.583312 0.442013
58.228 61.9328 78.8122 78.9028 0.572132 0.414285
67.4486 70.6225 78.8168 78.9153 0.53177 0.414273
71.6387 64.9281 78.8794 78.9377 0.526667 0.445161
66.669 64.0226 78.895 78.9326 0.506053 0.442406
46.4494 65.6575 78.8589 78.9134 0.551955 0.461703
50.4043 62.9303 78.8089 78.9033 0.728444 0.461371
54.5676 59.7575 78.8857 78.927 0.730492 0.497069
72.3769 64.2465 78.9033 78.933 0.56377 0.424774
79.4763 65.1959 78.9492 78.9524 0.54697 0.48781
76.2266 63.1993 78.9145 78.9427 0.508056 0.469493
84.1394 63.3253 78.8896 78.9452 0.567608 0.430991
75.7036 67.0971 78.8369 78.9176 0.527722 0.470722
70.0382 64.5686 78.8265 78.9485 0.591325 0.444789
64.332 62.1517 78.9041 78.9629 0.714531 0.430387
66.0562 67.3107 78.8917 78.9266 0.640327 0.448309
63.7042 66.6955 78.8418 78.9306 0.544137 0.442457
68.3484 65.117 78.8439 78.9376 0.510941 0.438922
62.1133 63.558 78.8399 78.9321 0.702389 0.448244
62.3136 63.4596 78.7394 78.9481 0.599269 0.455287
71.7243 64.7956 78.7791 78.9334 0.570597 0.488459
74.5859 64.3719 78.7576 78.9412 0.565217 0.466295
70.5422 65.4555 78.6789 78.8976 0.570572 0.422351
68.3109 60.8912 78.6155 78.9376 0.574693 0.472711
79.0114 70.4177 78.6209 78.9076 0.609495 0.42029
66.5229 67.7835 78.6516 78.9427 0.521609 0.438629
79.7252 67.5242 78.6685 78.9503 0.673296 0.453413
68.8092 67.7411 78.5817 78.9508 0.675133 0.481608
50.6551 65.6761 78.7605 78.9508 0.739538 0.46223
58.7488 59.3218 78.7441 78.9446 0.683966 0.449768
52.5666 64.1762 78.6178 78.9298 0.671365 0.45266
56.2052 66.0125 78.6025 78.9322 0.613098 0.44554
62.264 63.2134 78.6103 78.9505 0.703817 0.44353
61.5563 67.0947 78.4954 78.9377 0.729744 0.41714
56.8291 64.6754 78.5118 78.9395 0.640848 0.484566
73.9112 63.7941 78.5414 78.9175 0.741057 0.414785
59.8791 68.8739 78.5717 78.9565 0.523873 0.430528
66.3244 70.2011 78.6261 78.9528 0.657978 0.462778
63.6195 68.9678 78.5772 78.9465 0.564404 0.425972
75.5358 65.5955 78.6185 78.9516 0.70822 0.482745
72.4732 65.9651 78.7217 78.8981 0.653977 0.431206
73.6434 63.0363 78.6876 78.9226 0.63245 0.43846
83.8734 64.316 78.6202 78.9411 0.634043 0.494537
72.627 67.8833 78.7062 78.9359 0.540375 0.432204
73.0847 60.428 78.8182 78.946 0.609415 0.47632
81.5247 38.9144 95.7243 96.1101 0.874153 0.612688
71.9105 41.9895 95.7317 96.1409 0.702029 0.505653
77.4385 40.7069 95.5732 96.1344 0.791382 0.508671
73.2154 40.4872 95.5658 96.1599 0.906837 0.554142
77.957 52.2548 95.6438 96.1359 0.937907 0.545812
78.8489 41.0676 95.7166 96.1059 0.859602 0.626031
92.1129 46.3964 95.7824 96.1442 0.952332 0.486178
124.121 44.4419 95.8008 96.168 1.17415 0.457524
71.0541 50.3099 96.0763 96.1719 0.673183 0.617239
81.4632 46.1598 95.7643 96.1179 0.981628 0.54756
161.999 45.6348 95.9116 96.1993 1.70632 0.42066
50.3595 48.06 95.9635 96.187 0.561188 0.411189
97.8316 51.321 95.8623 96.1376 1.00957 0.401734
187.61 49.6468 95.8428 96.1567 1.68104 0.571044
104.565 42.8088 95.8297 96.1348 1.22135 0.529846
85.1653 45.3118 95.7426 96.1891 0.926064 0.406522
73.0386 48.1134 95.7996 96.1846 0.827611 0.463004
76.7985 51.3229 95.8264 96.1426 1.02616 0.488807
67.0735 43.7272 95.9255 96.1395 0.773285 0.514488
62.6233 50.0972 95.8603 96.1528 0.691014 0.364164
101.027 47.3605 95.7273 96.0846 0.875402 0.568713
100.44 41.3098 95.714 96.1689 0.911288 0.490725
76.3472 47.0477 95.781 96.145 0.731179 0.533239
71.7476 44.3326 95.9173 96.1309 0.794195 0.614542
63.5918 51.5764 95.9219 95.9871 0.736569 0.876615
49.9401 46.1002 95.982 96.1513 0.624769 0.443295
65.206 46.0074 95.8759 96.1594 0.692391 0.506887
95.8882 46.1045 95.731 96.1109 0.721552 0.601777
111.377 41.7834 95.6886 96.2018 0.847902 0.410417
97.3819 45.3917 95.7072 96.1756 0.585358 0.478926
88.1815 40.0795 95.6618 96.1995 0.520337 0.488003
96.4893 44.316 95.6855 96.1638 0.653538 0.497386
91.4741 47.5224 95.679 96.1319 0.670558 0.590866
90.566 41.8301 95.6803 96.1776 0.64012 0.535262
97.3406 40.7662 95.6499 96.1933 0.696571 0.474353
107.707 46.5566 95.6303 96.1803 0.653391 0.471614
113.544 41.9777 95.5716 96.1662 0.577922 0.623752
111.432 46.3043 95.5608 96.1193 0.693315 0.569568
95.6808 43.9932 95.6147 96.1582 0.489755 0.490539
93.4061 41.9996 95.6433 96.1785 0.505263 0.369528
93.3116 45.4785 95.6566 96.133 0.692344 0.616973
102.389 46.1839 95.6379 96.1567 0.715393 0.572227
103.648 49.6496 95.6283 96.1534 0.687189 0.478508
106.656 44.4648 95.7012 96.1552 0.677603 0.583686
99.4074 48.91 95.7329 96.1921 0.7622 0.537843
98.3098 50.1791 95.6958 96.1478 0.835056 0.723432
98.6495 42.3045 95.6957 96.064 0.923375 0.640016
90.5083 45.1446 95.7232 96.1794 0.792627 0.458038
85.7779 47.5961 95.6432 96.1799 0.759261 0.487179
96.3509 43.0128 95.6845 96.1018 0.942647 0.595379
